-34.2553939819336,-2.61115407943726
-34.1679496765137,-2.60674953460693
-34.0710983276367,-2.60187005996704
-33.9643020629883,-2.59655904769897
-33.8473243713379,-2.59066987037659
-33.7199325561523,-2.58433699607849
-33.581916809082,-2.57740139961243
-33.4331436157227,-2.56999325752258
-33.2735137939453,-2.56198453903198
-33.1028938293457,-2.55347323417664
-32.9213485717773,-2.54784369468689
-32.7291412353516,-2.54223012924194
-32.5264053344727,-2.53387141227722
-32.3132743835449,-2.52459645271301
-32.0900421142578,-2.51861643791199
-31.8568458557129,-2.51315474510193
-31.61350440979,-2.50489640235901
-31.3599624633789,-2.49566864967346
-31.0971813201904,-2.48593091964722
-30.8333339691162,-2.47901201248169
-30.5662174224854,-2.47362089157104
-30.2938747406006,-2.46639728546143
-30.0139694213867,-2.45842218399048
-29.7256088256836,-2.44999098777771
-29.4273738861084,-2.4411735534668
-29.119010925293,-2.43202590942383
-28.7994060516357,-2.42256689071655
-28.4677829742432,-2.41266512870789
-28.1231594085693,-2.4024167060852
-27.7683219909668,-2.39186429977417
-27.4024448394775,-2.38096618652344
-27.0257091522217,-2.3697144985199
-26.6376037597656,-2.3581178188324
-26.23854637146,-2.35032939910889
-25.8281955718994,-2.34494590759277
-25.406774520874,-2.33774065971375
-24.9738788604736,-2.32996392250061
-24.5298290252686,-2.32192611694336
-24.0742664337158,-2.31369471549988
-23.6075267791748,-2.30528402328491
-23.1292839050293,-2.29668498039246
-22.639856338501,-2.28789734840393
-22.1389331817627,-2.27891111373901
-21.6267910003662,-2.26972794532776
-21.1031074523926,-2.26034045219421
-20.5680236816406,-2.25074982643127
-20.0215110778809,-2.24589967727661
-19.4643936157227,-2.25132703781128
-18.8961753845215,-2.25925946235657
-18.3169651031494,-2.26613402366638
-17.7269611358643,-2.27364873886108
-17.1264209747314,-2.28202104568481
-16.5154457092285,-2.29113435745239
-15.8941679000855,-2.30081295967102
-15.2626543045044,-2.31092548370361
-14.6209726333618,-2.321373462677
-13.9691686630249,-2.3320951461792
-13.3072824478149,-2.34304904937744
-12.6353416442871,-2.35420989990234
-11.9533796310425,-2.36556196212769
-11.2614154815674,-2.37709450721741
-10.5594749450684,-2.38880181312561
-9.84757804870606,-2.40067958831787
-9.1260347366333,-2.4127209186554
-8.39758014678955,-2.42487835884094
-7.66773891448975,-2.4370596408844
-6.94145393371582,-2.44918131828308
-6.22178554534912,-2.46119236946106
-5.51060152053833,-2.47306203842163
-4.80902433395386,-2.48477101325989
-4.11771059036255,-2.49630856513977
-3.43701529502869,-2.50766921043396
-2.76710557937622,-2.51884984970093
-2.10802412033081,-2.52985024452209
-1.45973694324493,-2.5406711101532
-0.821986198425293,-2.55131578445435
-0.193297490477562,-2.56181001663208
0.42934063076973,-2.57220339775085
1.05003595352173,-2.58256483078003
1.67246913909912,-2.59295558929443
2.29667448997498,-2.60337615013123
2.91929125785828,-2.61376976966858
3.53701996803284,-2.62408208847046
4.14806127548218,-2.6342830657959
4.75133180618286,-2.64435458183289
5.34757089614868,-2.65430808067322
5.93841218948364,-2.66417241096497
6.52408742904663,-2.67394971847534
7.10294771194458,-2.6836142539978
7.67423915863037,-2.69315218925476
8.23713970184326,-2.70255041122437
8.79158210754395,-2.71180748939514
9.33714294433594,-2.72091627120972
9.87418365478516,-2.72988343238831
10.403564453125,-2.7387228012085
10.9276552200317,-2.74298548698425
11.4491729736328,-2.74396753311157
11.9696350097656,-2.74606776237488
12.4869222640991,-2.74813413619995
12.9990434646606,-2.7455427646637
13.5041093826294,-2.73376178741455
14.0017871856689,-2.71025896072388
14.4924688339233,-2.67126488685608
14.9778842926025,-2.61405777931213
15.4590911865234,-2.53458857536316
15.9365196228027,-2.42980575561523
16.4133453369141,-2.30247640609741
16.8966274261475,-2.17118716239929
17.3820858001709,-2.04062104225159
17.8652591705322,-1.90884411334991
18.3438053131104,-1.77616500854492
18.8178062438965,-1.64304840564728
19.2884540557861,-1.5096971988678
19.758659362793,-1.37570381164551
20.2296867370605,-1.23646628856659
20.7023220062256,-1.0868102312088
21.1765575408936,-0.923928022384644
21.6513843536377,-0.742945551872253
22.1252994537353,-0.541193068027496
22.5954246520996,-0.314178198575973
23.0586318969727,-0.059875335544348
23.509744644165,0.224221915006638
23.9426536560059,0.537720501422882
24.3480625152588,0.878187716007233
24.7192630767822,1.24157297611237
25.0507125854492,1.62436270713806
25.3481216430664,2.02536964416504
25.6314353942871,2.44161701202393
25.9145641326904,2.86604809761047
26.1977882385254,3.29889035224915
26.4805393218994,3.74144864082336
26.7643547058105,4.19387531280518
27.0507984161377,4.65575742721558
27.3408889770508,5.12680101394653
27.6353950500488,5.60675811767578
27.930248260498,6.09787178039551
28.2165966033936,6.6035361289978
28.4989643096924,7.12184047698975
28.7880897521973,7.64848899841309
29.0814819335937,8.18469142913818
29.3737640380859,8.73266124725342
29.6555309295654,9.2950963973999
29.9223232269287,9.87267875671387
30.1701831817627,10.4656391143799
30.3929901123047,11.0739440917969
30.585994720459,11.6967287063599
30.7504177093506,12.3339595794678
30.9055519104004,12.9855585098267
31.0547332763672,13.649697303772
31.1901969909668,14.326717376709
31.3139934539795,15.0158843994141
31.4327735900879,15.7163782119751
31.547191619873,16.4278984069824
31.6586093902588,17.1501159667969
31.7631359100342,17.882926940918
31.8555755615234,18.6262149810791
31.9434604644775,19.3798274993896
32.0306549072266,20.1436176300049
32.1158866882324,20.9176368713379
32.1940879821777,21.701774597168
32.2664337158203,22.4959011077881
32.3379707336426,23.30002784729
32.407886505127,24.1141662597656
32.4763412475586,24.9382572174072
32.5385093688965,25.7720851898193
32.5884552001953,26.6152954101562
32.6329498291016,27.4682731628418
32.6754417419434,28.3311634063721
32.7144737243652,29.2039470672607
32.7501106262207,30.0865650177002
32.7828979492187,30.978946685791
32.8082504272461,31.88063621521
32.8203125,32.7909545898437
32.8256454467773,33.7106399536133
32.8276252746582,34.6400108337402
32.8248062133789,35.5789680480957
32.8172760009766,36.5274353027344
32.8056259155273,37.4853858947754
32.7905731201172,38.4527893066406
32.7781753540039,39.4292869567871
32.7687034606934,40.4148826599121
32.7583503723145,41.4099731445313
32.7488441467285,42.4145431518555
32.7407455444336,43.4285621643066
32.7341270446777,44.4519996643066
32.7288475036621,45.4848175048828
32.7247200012207,46.5269966125488
32.7215270996094,47.5785140991211
32.7190818786621,48.6390724182129
32.7172241210937,49.7058486938477
32.7158432006836,50.7727851867676
32.7147979736328,51.8341827392578
32.7140159606934,52.8863258361816
32.7134284973145,53.9268112182617
32.7129821777344,54.9540901184082
32.712646484375,55.9672012329102
32.7123985290527,56.9655418395996
32.712215423584,57.9487838745117
32.7120742797852,58.9167747497559
32.711971282959,59.8694915771484
32.7118949890137,60.8069801330566
32.7118377685547,61.7293586730957
32.7117958068848,62.6367607116699
32.7117652893066,63.5293731689453
32.7117385864258,64.4073638916016
32.711727142334,65.2709426879883
32.7117118835449,66.1203231811524
32.7067413330078,66.9555587768555
32.6909103393555,67.7774887084961
32.6705932617187,68.5899047851563
32.6489334106445,69.3975830078125
32.6243515014648,70.2048645019531
32.596809387207,71.014892578125
32.5667457580566,71.8298263549805
32.5346755981445,72.6511154174805
32.4958572387695,73.4790191650391
32.4443588256836,74.3131866455078
32.375862121582,75.1526794433594
32.2838401794434,75.9955444335938
32.1631622314453,76.8394317626953
32.0075836181641,77.6802673339844
31.8132247924805,78.5117263793945
31.5775337219238,79.3234939575195
31.3041286468506,80.1125564575195
31.0061225891113,80.8863754272461
30.6867599487305,81.6458892822266
30.3397064208984,82.3884124755859
29.9663715362549,83.1173324584961
29.5721797943115,83.8388442993164
29.1591472625732,84.5557327270508
28.7265014648437,85.2674789428711
28.2738666534424,85.9703216552734
27.8035507202148,86.658447265625
27.3162422180176,87.3244018554687
26.8138275146484,87.9654083251953
26.2960071563721,88.5761413574219
25.7623767852783,89.1505126953125
25.2136535644531,89.6841812133789
24.6516075134277,90.1704406738281
24.079080581665,90.6051330566406
23.4992961883545,90.9855346679688
22.9167079925537,91.30908203125
22.3348484039307,91.5746841430664
21.7549514770508,91.7829971313477
21.1703433990478,91.9430618286133
20.5765571594238,92.0752639770508
19.9739894866943,92.188346862793
19.3620071411133,92.2810821533203
18.7404270172119,92.3574371337891
18.109073638916,92.4223022460938
17.4678859710693,92.4798049926758
16.8168182373047,92.5328598022461
16.1560554504395,92.5783386230469
15.4856128692627,92.6183929443359
14.8052263259888,92.6584548950195
14.1148490905762,92.6977386474609
13.4144916534424,92.7363586425781
12.7044267654419,92.769401550293
11.9851026535034,92.791015625
11.2559690475464,92.8084487915039
10.5168123245239,92.8252639770508
9.76808452606201,92.8347320556641
9.00983238220215,92.8376541137695
8.24162483215332,92.8389511108398
7.46352338790894,92.8377990722656
6.67557239532471,92.8343811035156
5.87780380249023,92.8291397094727
5.07024383544922,92.8224945068359
4.25291538238525,92.8148040771484
3.42583966255188,92.8063354492187
2.58903551101685,92.7972793579102
1.74252319335938,92.7877807617188
0.886321067810059,92.7779693603516
0.020448226481676,92.7678756713867
-0.85507720708847,92.757568359375
-1.73995637893677,92.7470703125
-2.63140630722046,92.7364654541016
-3.52362775802612,92.7257995605469
-4.41128730773926,92.7151718139649
-5.29060983657837,92.6995620727539
-6.15934085845947,92.6796035766602
-7.01667976379395,92.6596755981445
-7.86177349090576,92.6386337280274
-8.69414901733398,92.6163330078125
-9.51357078552246,92.5929641723633
-10.3201246261597,92.5688171386719
-11.115177154541,92.5441207885742
-11.9013319015503,92.5190200805664
-12.6790180206299,92.4937210083008
-13.4470472335815,92.4683990478516
-14.2058763504028,92.4431610107422
-14.9579515457153,92.4179840087891
-15.706714630127,92.3928070068359
-16.4528617858887,92.3676834106445
-17.1937522888184,92.3426818847656
-17.9269008636475,92.3179244995117
-18.6509609222412,92.29345703125
-19.3664226531982,92.2692718505859
-20.0757255554199,92.2452774047852
-20.782262802124,92.2213821411133
-21.4866676330566,92.1975631713867
-22.1862888336182,92.1738967895508
-22.8788280487061,92.1504592895508
-23.564208984375,92.1272659301758
-24.2445182800293,92.1042556762695
-24.9228897094727,92.0813064575195
-25.5997447967529,92.0584182739258
-26.272481918335,92.0356597900391
-26.9400291442871,92.0130844116211
-27.6038608551025,91.9906311035156
-28.2671432495117,91.9682006835938
-28.9332847595215,91.945671081543
-29.6043300628662,91.9229888916016
-30.2791309356689,91.9001541137695
-30.9530200958252,91.8722839355469
-31.6235084533691,91.8404769897461
-32.2918701171875,91.8093719482422
-32.9606552124023,91.7776870727539
-33.6318778991699,91.7400360107422
-34.3030738830566,91.6869049072266
-34.9725685119629,91.6137847900391
-35.640266418457,91.5167465209961
-36.3045196533203,91.3903274536133
-36.9631080627441,91.2306213378906
-37.6097221374512,91.0322952270508
-38.2445182800293,90.7952194213867
-38.8804359436035,90.5325469970703
-39.5224685668945,90.2545318603516
-40.1650733947754,89.9545745849609
-40.8102645874024,89.6393737792969
-41.4590263366699,89.3098526000977
-42.1089057922363,88.9649810791016
-42.7564926147461,88.5985946655273
-43.4034576416016,88.2132339477539
-44.0411911010742,87.8026809692383
-44.664192199707,87.3635559082031
-45.2676200866699,86.8935699462891
-45.8448905944824,86.3908767700195
-46.3903160095215,85.8550338745117
-46.8958015441895,85.2876968383789
-47.3586692810059,84.6897354125977
-47.7890777587891,84.060661315918
-48.200813293457,83.4063034057617
-48.5912628173828,82.7283248901367
-48.9579963684082,82.0276412963867
-49.30126953125,81.3047561645508
-49.6288108825684,80.5633087158203
-49.944206237793,79.8073196411133
-50.2449836730957,79.0367584228516
-50.5232658386231,78.252326965332
-50.7803421020508,77.4557952880859
-51.0248374938965,76.6448593139648
-51.2644844055176,75.8210220336914
-51.4957847595215,74.9844360351563
-51.7139282226563,74.135009765625
-51.9105682373047,73.2732925415039
-52.0901069641113,72.3997802734375
-52.2635955810547,71.5148010253906
-52.4241333007813,70.6181945800781
-52.5658302307129,69.7104949951172
-52.6848564147949,68.7953567504883
-52.7725830078125,67.8808059692383
-52.8239669799805,66.9729309082031
-52.8349685668945,66.0746841430664
-52.8051223754883,65.1848602294922
-52.7480621337891,64.2948532104492
-52.6671752929687,63.4028701782227
-52.5652198791504,62.5081825256348
-52.4430122375488,61.610221862793
-52.2992362976074,60.7084846496582
-52.1443138122559,59.800537109375
-51.988826751709,58.8843231201172
-51.8294410705566,57.9597549438477
-51.6653900146484,57.0266265869141
-51.4999732971191,56.0842666625977
-51.3398017883301,55.1320190429688
-51.1917724609375,54.169563293457
-51.0498847961426,53.1970100402832
-50.911060333252,52.2144622802734
-50.7820739746094,51.2217407226563
-50.6625671386719,50.2189483642578
-50.5477981567383,49.2061309814453
-50.4383239746094,48.1833229064941
-50.3336715698242,47.1506233215332
-50.2382202148438,46.1082992553711
-50.1576690673828,45.0567817687988
-50.0857162475586,43.9956779479981
-50.01904296875,42.9248313903809
-49.9641838073731,41.8447265625
-49.9208106994629,40.755428314209
-49.8842468261719,39.656608581543
-49.8550186157227,38.5483741760254
-49.8326072692871,37.4308052062988
-49.8161315917969,36.303955078125
-49.8046264648437,35.1678733825684
-49.7971954345703,34.0225830078125
-49.7930183410645,32.8681144714355
-49.7914352416992,31.7047748565674
-49.7919044494629,30.5354061126709
-49.7939605712891,29.3662014007568
-49.7971878051758,28.2030563354492
-49.8012504577637,27.0498752593994
-49.8059272766113,25.9092063903809
-49.8110504150391,24.7827186584473
-49.8164863586426,23.6714820861816
-49.8221473693848,22.5761661529541
-49.8279571533203,21.4971599578857
-49.8338470458984,20.4346580505371
-49.8397903442383,19.3885631561279
-49.8457450866699,18.3575382232666
-49.8517227172852,17.3385047912598
-49.8525543212891,16.327693939209
-49.8418655395508,15.3243417739868
-49.8150444030762,14.3316459655762
-49.7631149291992,13.3551588058472
-49.6805763244629,12.3990297317505
-49.5628929138184,11.4658765792847
-49.405933380127,10.5577611923218
-49.2102737426758,9.67314910888672
-48.9710731506348,8.81588649749756
-48.6806678771973,7.99314880371094
-48.3442802429199,7.20467567443848
-47.96435546875,6.4535813331604
-47.5362815856934,5.74933338165283
-47.0593452453613,5.08898687362671
-46.5392532348633,4.46042203903198
-45.9816589355469,3.85938167572021
-45.3869819641113,3.2903835773468
-44.7569808959961,2.75518918037415
-44.0949249267578,2.25207996368408
-43.4046020507813,1.77663147449493
-42.6887435913086,1.32653272151947
-41.9506149291992,0.8965163230896
-41.1930961608887,0.484138280153275
-40.4167022705078,0.091910511255264
-39.6219215393066,-0.279045283794403
-38.8100242614746,-0.62195897102356
-37.9825973510742,-0.935120165348053
-37.1375122070312,-1.21858632564545
-36.2769012451172,-1.48792839050293
-35.4012413024902,-1.74162924289703